0 0.23516483516483516 0.48125 0.024175824175824177 0.015625
0 0.34285714285714286 0.4796875 0.02857142857142857 0.0140625
0 0.29010989010989013 0.4953125 0.02857142857142857 0.015625
0 0.34505494505494505 0.5109375 0.035164835164835165 0.0171875
0 0.34505494505494505 0.5265625 0.03076923076923077 0.0140625
0 0.4461538461538462 0.525 0.024175824175824177 0.015625
0 0.3978021978021978 0.5421875 0.03736263736263736 0.015625
0 0.3956043956043956 0.559375 0.03296703296703297 0.0140625
0 0.3934065934065934 0.5703125 0.04395604395604396 0.015625
0 0.3934065934065934 0.5890625 0.026373626373626374 0.015625
0 0.34505494505494505 0.60625 0.026373626373626374 0.0125
0 0.23736263736263735 0.621875 0.03076923076923077 0.015625
0 0.29010989010989013 0.6390625 0.026373626373626374 0.0140625
0 0.34285714285714286 0.6546875 0.03076923076923077 0.015625
0 0.29010989010989013 0.66875 0.03076923076923077 0.0109375
0 0.23296703296703297 0.6703125 0.024175824175824177 0.0171875
0 0.2879120879120879 0.6859375 0.024175824175824177 0.0125
0 0.34065934065934067 0.6859375 0.02197802197802198 0.0125
0 0.34285714285714286 0.7015625 0.024175824175824177 0.0140625
0 0.3912087912087912 0.703125 0.026373626373626374 0.0125
0 0.3934065934065934 0.71875 0.02857142857142857 0.015625
0 0.23296703296703297 0.734375 0.026373626373626374 0.015625
0 0.2879120879120879 0.7515625 0.026373626373626374 0.0125
0 0.34065934065934067 0.765625 0.03076923076923077 0.015625
0 0.3912087912087912 0.7828125 0.026373626373626374 0.015625
0 0.34285714285714286 0.7984375 0.03296703296703297 0.015625
0 0.44395604395604393 0.815625 0.024175824175824177 0.0125
0 0.7428571428571429 0.5234375 0.026373626373626374 0.0140625
0 0.7956043956043956 0.5390625 0.02857142857142857 0.0171875
0 0.7428571428571429 0.56875 0.02857142857142857 0.015625
0 0.6901098901098901 0.5875 0.041758241758241756 0.01875
0 0.7956043956043956 0.603125 0.026373626373626374 0.015625
0 0.8483516483516483 0.61875 0.026373626373626374 0.0171875
0 0.9010989010989011 0.6359375 0.03076923076923077 0.015625
0 0.9010989010989011 0.6515625 0.02857142857142857 0.01875
0 0.8505494505494505 0.6515625 0.02857142857142857 0.015625
0 0.8 0.6984375 0.02857142857142857 0.01875
0 0.7472527472527473 0.684375 0.03076923076923077 0.0125
0 0.6879120879120879 0.6671875 0.03076923076923077 0.0140625
0 0.8483516483516483 0.73125 0.026373626373626374 0.0125
0 0.8 0.715625 0.026373626373626374 0.015625
0 0.8989010989010989 0.7953125 0.024175824175824177 0.015625
0 0.8483516483516483 0.809375 0.03296703296703297 0.015625
0 0.7978021978021979 0.7640625 0.02857142857142857 0.0140625
0 0.7978021978021979 0.7484375 0.03296703296703297 0.015625
0 0.6879120879120879 0.765625 0.035164835164835165 0.0109375
0 0.6857142857142857 0.7796875 0.026373626373626374 0.0109375