0 0.24618736383442266 0.4828125 0.026143790849673203 0.0125
0 0.24618736383442266 0.4984375 0.02832244008714597 0.0171875
0 0.24618736383442266 0.5140625 0.02832244008714597 0.0171875
0 0.25054466230936817 0.5296875 0.032679738562091505 0.0140625
0 0.24618736383442266 0.5453125 0.023965141612200435 0.0140625
0 0.3028322440087146 0.5609375 0.026143790849673203 0.0171875
0 0.3006535947712418 0.59375 0.026143790849673203 0.015625
0 0.3028322440087146 0.609375 0.026143790849673203 0.0140625
0 0.3028322440087146 0.625 0.030501089324618737 0.0140625
0 0.40522875816993464 0.65625 0.030501089324618737 0.015625
0 0.4074074074074074 0.7203125 0.030501089324618737 0.0171875
0 0.4095860566448802 0.7375 0.034858387799564274 0.015625
0 0.3572984749455338 0.7671875 0.04793028322440087 0.015625
0 0.3006535947712418 0.784375 0.023965141612200435 0.0140625
0 0.355119825708061 0.815625 0.030501089324618737 0.0171875
0 0.6971677559912854 0.4765625 0.023965141612200435 0.0140625
0 0.6971677559912854 0.4921875 0.02832244008714597 0.015625
0 0.6993464052287581 0.5109375 0.02832244008714597 0.015625
0 0.6971677559912854 0.525 0.032679738562091505 0.0171875
0 0.6971677559912854 0.540625 0.030501089324618737 0.01875
0 0.6971677559912854 0.55625 0.030501089324618737 0.0171875
0 0.6971677559912854 0.571875 0.030501089324618737 0.0171875
0 0.6971677559912854 0.5890625 0.030501089324618737 0.0140625
0 0.6971677559912854 0.6046875 0.026143790849673203 0.015625
0 0.906318082788671 0.634375 0.02832244008714597 0.0171875
0 0.906318082788671 0.6515625 0.030501089324618737 0.0171875
0 0.906318082788671 0.665625 0.032679738562091505 0.0171875
0 0.906318082788671 0.6828125 0.037037037037037035 0.015625
0 0.906318082788671 0.6984375 0.030501089324618737 0.0171875
0 0.906318082788671 0.7140625 0.023965141612200435 0.0171875
0 0.906318082788671 0.73125 0.026143790849673203 0.0140625
0 0.8061002178649237 0.7625 0.026143790849673203 0.01875
0 0.8061002178649237 0.7796875 0.02832244008714597 0.0171875
0 0.8061002178649237 0.79375 0.02832244008714597 0.015625
0 0.8061002178649237 0.8125 0.030501089324618737 0.015625