0 0.432954 0.737500 0.021034 0.021034
0 0.335670 0.466875 0.021034 0.021034
0 0.697634 0.251250 0.021034 0.021034
0 0.405784 0.527500 0.021034 0.021034
0 0.244522 0.137500 0.021034 0.021034
0 0.212095 0.536875 0.021034 0.021034
0 0.624014 0.868750 0.021034 0.021034
0 0.457493 0.600000 0.021034 0.021034
0 0.348817 0.461250 0.021034 0.021034
0 0.326030 0.796250 0.021034 0.021034
0 0.829097 0.501875 0.021034 0.021034
0 0.110429 0.859375 0.021034 0.021034
0 0.820333 0.093750 0.021034 0.021034
0 0.883436 0.676250 0.021034 0.021034
0 0.134093 0.473125 0.021034 0.021034
0 0.390885 0.435000 0.021034 0.021034
0 0.211218 0.433125 0.021034 0.021034
0 0.603856 0.408750 0.021034 0.021034
0 0.178791 0.729375 0.021034 0.021034
0 0.617003 0.440625 0.021034 0.021034
0 0.806310 0.328750 0.021034 0.021034
0 0.219106 0.889375 0.021034 0.021034
0 0.600351 0.325000 0.021034 0.021034
0 0.482910 0.283750 0.021034 0.021034
0 0.479404 0.070625 0.021034 0.021034
0 0.115688 0.323750 0.021034 0.021034
0 0.783523 0.524375 0.021034 0.021034
0 0.726556 0.343125 0.021034 0.021034
0 0.711656 0.651250 0.021034 0.021034
0 0.381245 0.193125 0.021034 0.021034