0 0.764242 0.797500 0.021034 0.021034
0 0.892200 0.678125 0.021034 0.021034
0 0.216477 0.608750 0.021034 0.021034
0 0.191060 0.906875 0.021034 0.021034
0 0.724803 0.730625 0.021034 0.021034
0 0.546012 0.103125 0.021034 0.021034
0 0.416301 0.167500 0.021034 0.021034
0 0.555653 0.623750 0.021034 0.021034
0 0.826468 0.321875 0.021034 0.021034
0 0.531989 0.193750 0.021034 0.021034
0 0.878177 0.843750 0.021034 0.021034
0 0.899211 0.166250 0.021034 0.021034
0 0.231376 0.685625 0.021034 0.021034
0 0.868536 0.091250 0.021034 0.021034
0 0.337423 0.608125 0.021034 0.021034
0 0.837862 0.418750 0.021034 0.021034
0 0.221735 0.790625 0.021034 0.021034
0 0.804557 0.678125 0.021034 0.021034
0 0.643295 0.133750 0.021034 0.021034
0 0.219982 0.906250 0.021034 0.021034
0 0.636284 0.885625 0.021034 0.021034
0 0.270815 0.114375 0.021034 0.021034
0 0.662577 0.290000 0.021034 0.021034
0 0.839614 0.241875 0.021034 0.021034
0 0.373357 0.585625 0.021034 0.021034
0 0.092901 0.501250 0.021034 0.021034
0 0.907099 0.319375 0.021034 0.021034
0 0.345311 0.640000 0.021034 0.021034
0 0.137599 0.709375 0.021034 0.021034
0 0.688869 0.689375 0.021034 0.021034