0 0.573181 0.728125 0.021034 0.021034
0 0.172656 0.296875 0.021034 0.021034
0 0.439965 0.877500 0.021034 0.021034
0 0.132340 0.877500 0.021034 0.021034
0 0.323401 0.722500 0.021034 0.021034
0 0.886065 0.494375 0.021034 0.021034
0 0.096407 0.128125 0.021034 0.021034
0 0.862401 0.333750 0.021034 0.021034
0 0.117441 0.446250 0.021034 0.021034
0 0.235758 0.612500 0.021034 0.021034
0 0.560035 0.621875 0.021034 0.021034
0 0.639790 0.829375 0.021034 0.021034
0 0.383874 0.916250 0.021034 0.021034
0 0.685364 0.062500 0.021034 0.021034
0 0.180543 0.702500 0.021034 0.021034
0 0.361087 0.296250 0.021034 0.021034
0 0.747590 0.840000 0.021034 0.021034
0 0.456617 0.890000 0.021034 0.021034
0 0.372480 0.653125 0.021034 0.021034
0 0.235758 0.933750 0.021034 0.021034
0 0.804557 0.913125 0.021034 0.021034
0 0.910605 0.858125 0.021034 0.021034
0 0.383874 0.432500 0.021034 0.021034
0 0.087642 0.183125 0.021034 0.021034
0 0.226994 0.684375 0.021034 0.021034
0 0.726556 0.510000 0.021034 0.021034
0 0.758983 0.625625 0.021034 0.021034
0 0.208589 0.105625 0.021034 0.021034
0 0.662577 0.661250 0.021034 0.021034
0 0.422436 0.644375 0.021034 0.021034