0 0.111306 0.477500 0.021034 0.021034
0 0.752848 0.847500 0.021034 0.021034
0 0.547765 0.486250 0.021034 0.021034
0 0.330412 0.252500 0.021034 0.021034
0 0.814198 0.771875 0.021034 0.021034
0 0.587204 0.157500 0.021034 0.021034
0 0.196319 0.401875 0.021034 0.021034
0 0.777388 0.800000 0.021034 0.021034
0 0.249781 0.679375 0.021034 0.021034
0 0.404032 0.376875 0.021034 0.021034
0 0.488168 0.316250 0.021034 0.021034
0 0.392638 0.401250 0.021034 0.021034
0 0.655565 0.131250 0.021034 0.021034
0 0.304119 0.670000 0.021034 0.021034
0 0.147239 0.457500 0.021034 0.021034
0 0.701139 0.757500 0.021034 0.021034
0 0.836109 0.450000 0.021034 0.021034
0 0.643295 0.521250 0.021034 0.021034
0 0.338300 0.830000 0.021034 0.021034
0 0.146363 0.920625 0.021034 0.021034
0 0.614373 0.359375 0.021034 0.021034
0 0.858896 0.357500 0.021034 0.021034
0 0.177038 0.781250 0.021034 0.021034
0 0.555653 0.545000 0.021034 0.021034
0 0.448729 0.135000 0.021034 0.021034
0 0.772130 0.361875 0.021034 0.021034
0 0.551271 0.343750 0.021034 0.021034
0 0.546889 0.150625 0.021034 0.021034
0 0.114812 0.296875 0.021034 0.021034
0 0.231376 0.838750 0.021034 0.021034