0 0.853637 0.265625 0.021034 0.021034
0 0.348817 0.230625 0.021034 0.021034
0 0.608238 0.801250 0.021034 0.021034
0 0.594216 0.861250 0.021034 0.021034
0 0.098160 0.130625 0.021034 0.021034
0 0.379492 0.391875 0.021034 0.021034
0 0.346188 0.878750 0.021034 0.021034
0 0.698510 0.729375 0.021034 0.021034
0 0.725679 0.750625 0.021034 0.021034
0 0.698510 0.655000 0.021034 0.021034
0 0.363716 0.647500 0.021034 0.021034
0 0.347064 0.830625 0.021034 0.021034
0 0.316389 0.136250 0.021034 0.021034
0 0.615250 0.351875 0.021034 0.021034
0 0.695881 0.464375 0.021034 0.021034
0 0.794917 0.284375 0.021034 0.021034
0 0.685364 0.181250 0.021034 0.021034
0 0.734443 0.442500 0.021034 0.021034
0 0.560035 0.843750 0.021034 0.021034
0 0.524102 0.623750 0.021034 0.021034
0 0.469763 0.544375 0.021034 0.021034
0 0.560035 0.115000 0.021034 0.021034
0 0.693252 0.303125 0.021034 0.021034
0 0.277826 0.774375 0.021034 0.021034
0 0.128834 0.329375 0.021034 0.021034
0 0.430324 0.507500 0.021034 0.021034
0 0.910605 0.741250 0.021034 0.021034
0 0.277826 0.858125 0.021034 0.021034
0 0.805434 0.899375 0.021034 0.021034
0 0.187555 0.445625 0.021034 0.021034