0 0.751972 0.335000 0.021034 0.021034
0 0.087642 0.651250 0.021034 0.021034
0 0.522349 0.301250 0.021034 0.021034
0 0.836985 0.124375 0.021034 0.021034
0 0.489921 0.115000 0.021034 0.021034
0 0.728309 0.193125 0.021034 0.021034
0 0.195443 0.817500 0.021034 0.021034
0 0.778265 0.876875 0.021034 0.021034
0 0.341805 0.748750 0.021034 0.021034
0 0.731814 0.775625 0.021034 0.021034
0 0.180543 0.785000 0.021034 0.021034
0 0.272568 0.156875 0.021034 0.021034
0 0.496056 0.448125 0.021034 0.021034
0 0.311131 0.806250 0.021034 0.021034
0 0.595092 0.104375 0.021034 0.021034
0 0.374233 0.737500 0.021034 0.021034
0 0.430324 0.172500 0.021034 0.021034
0 0.192813 0.390625 0.021034 0.021034
0 0.589833 0.139375 0.021034 0.021034
0 0.520596 0.901875 0.021034 0.021034
0 0.903593 0.485000 0.021034 0.021034
0 0.826468 0.827500 0.021034 0.021034
0 0.177914 0.127500 0.021034 0.021034
0 0.248028 0.538125 0.021034 0.021034
0 0.847502 0.528750 0.021034 0.021034
0 0.409290 0.783750 0.021034 0.021034
0 0.847502 0.840000 0.021034 0.021034
0 0.796670 0.525000 0.021034 0.021034
0 0.889571 0.229375 0.021034 0.021034
0 0.385627 0.175625 0.021034 0.021034