0 0.200701 0.563125 0.021034 0.021034
0 0.290973 0.522500 0.021034 0.021034
0 0.217353 0.761250 0.021034 0.021034
0 0.792287 0.920625 0.021034 0.021034
0 0.322524 0.329375 0.021034 0.021034
0 0.415425 0.326250 0.021034 0.021034
0 0.381245 0.098125 0.021034 0.021034
0 0.787029 0.705000 0.021034 0.021034
0 0.338300 0.371250 0.021034 0.021034
0 0.796670 0.512500 0.021034 0.021034
0 0.797546 0.088750 0.021034 0.021034
0 0.772130 0.863750 0.021034 0.021034
0 0.669588 0.623125 0.021034 0.021034
0 0.739702 0.286250 0.021034 0.021034
0 0.846626 0.761875 0.021034 0.021034
0 0.836985 0.409375 0.021034 0.021034
0 0.283961 0.596250 0.021034 0.021034
0 0.770377 0.934375 0.021034 0.021034
0 0.439965 0.623750 0.021034 0.021034
0 0.686240 0.640625 0.021034 0.021034
0 0.530237 0.613125 0.021034 0.021034
0 0.633655 0.915000 0.021034 0.021034
0 0.686240 0.361875 0.021034 0.021034
0 0.606486 0.412500 0.021034 0.021034
0 0.314636 0.313125 0.021034 0.021034
0 0.130587 0.207500 0.021034 0.021034
0 0.781770 0.835625 0.021034 0.021034
0 0.319895 0.180625 0.021034 0.021034
0 0.198072 0.669375 0.021034 0.021034
0 0.286591 0.831875 0.021034 0.021034