0 0.406661 0.176875 0.021034 0.021034
0 0.711656 0.084375 0.021034 0.021034
0 0.751972 0.423125 0.021034 0.021034
0 0.255039 0.910625 0.021034 0.021034
0 0.471516 0.175000 0.021034 0.021034
0 0.449606 0.492500 0.021034 0.021034
0 0.679229 0.826875 0.021034 0.021034
0 0.347064 0.111875 0.021034 0.021034
0 0.831727 0.416875 0.021034 0.021034
0 0.494303 0.246875 0.021034 0.021034
0 0.528484 0.727500 0.021034 0.021034
0 0.744084 0.562500 0.021034 0.021034
0 0.540754 0.538750 0.021034 0.021034
0 0.665206 0.290625 0.021034 0.021034
0 0.236635 0.511875 0.021034 0.021034
0 0.134969 0.828125 0.021034 0.021034
0 0.451358 0.310000 0.021034 0.021034
0 0.747590 0.346250 0.021034 0.021034
0 0.851008 0.330000 0.021034 0.021034
0 0.724803 0.351250 0.021034 0.021034
0 0.361963 0.201875 0.021034 0.021034
0 0.397897 0.779375 0.021034 0.021034
0 0.283961 0.876875 0.021034 0.021034
0 0.418054 0.451875 0.021034 0.021034
0 0.234005 0.721250 0.021034 0.021034
0 0.517090 0.608125 0.021034 0.021034
0 0.525855 0.887500 0.021034 0.021034
0 0.091148 0.498125 0.021034 0.021034
0 0.149869 0.928125 0.021034 0.021034
0 0.557406 0.406250 0.021034 0.021034