0 0.178791 0.905625 0.021034 0.021034
0 0.549518 0.113125 0.021034 0.021034
0 0.680105 0.741875 0.021034 0.021034
0 0.212971 0.758750 0.021034 0.021034
0 0.730938 0.087500 0.021034 0.021034
0 0.150745 0.118125 0.021034 0.021034
0 0.308501 0.385625 0.021034 0.021034
0 0.762489 0.826875 0.021034 0.021034
0 0.204207 0.915625 0.021034 0.021034
0 0.835232 0.559375 0.021034 0.021034
0 0.326030 0.699375 0.021034 0.021034
0 0.742331 0.213125 0.021034 0.021034
0 0.428571 0.888750 0.021034 0.021034
0 0.660824 0.072500 0.021034 0.021034
0 0.563541 0.093750 0.021034 0.021034
0 0.283085 0.078125 0.021034 0.021034
0 0.198948 0.271250 0.021034 0.021034
0 0.559159 0.660000 0.021034 0.021034
0 0.895706 0.858125 0.021034 0.021034
0 0.573181 0.502500 0.021034 0.021034
0 0.710780 0.893125 0.021034 0.021034
0 0.262051 0.623125 0.021034 0.021034
0 0.166521 0.871250 0.021034 0.021034
0 0.713409 0.653750 0.021034 0.021034
0 0.771253 0.898125 0.021034 0.021034
0 0.195443 0.663125 0.021034 0.021034
0 0.380368 0.229375 0.021034 0.021034
0 0.398773 0.933750 0.021034 0.021034
0 0.754601 0.220625 0.021034 0.021034
0 0.799299 0.786250 0.021034 0.021034