0 0.418054 0.301250 0.021034 0.021034
0 0.385627 0.113125 0.021034 0.021034
0 0.290973 0.901875 0.021034 0.021034
0 0.468887 0.523750 0.021034 0.021034
0 0.524978 0.679375 0.021034 0.021034
0 0.879930 0.658750 0.021034 0.021034
0 0.574934 0.893125 0.021034 0.021034
0 0.394391 0.206250 0.021034 0.021034
0 0.551271 0.848750 0.021034 0.021034
0 0.646801 0.154375 0.021034 0.021034
0 0.208589 0.897500 0.021034 0.021034
0 0.187555 0.813750 0.021034 0.021034
0 0.500438 0.660625 0.021034 0.021034
0 0.360210 0.643750 0.021034 0.021034
0 0.799299 0.192500 0.021034 0.021034
0 0.872042 0.396875 0.021034 0.021034
0 0.570552 0.878750 0.021034 0.021034
0 0.564417 0.716875 0.021034 0.021034
0 0.092025 0.443750 0.021034 0.021034
0 0.798422 0.211875 0.021034 0.021034
0 0.678352 0.219375 0.021034 0.021034
0 0.848379 0.290625 0.021034 0.021034
0 0.323401 0.218125 0.021034 0.021034
0 0.324277 0.125625 0.021034 0.021034
0 0.593339 0.936250 0.021034 0.021034
0 0.328659 0.431250 0.021034 0.021034
0 0.324277 0.632500 0.021034 0.021034
0 0.647677 0.785000 0.021034 0.021034
0 0.113059 0.699375 0.021034 0.021034
0 0.413672 0.536875 0.021034 0.021034