0 0.871166 0.220000 0.021034 0.021034
0 0.674847 0.735625 0.021034 0.021034
0 0.795793 0.262500 0.021034 0.021034
0 0.176161 0.762500 0.021034 0.021034
0 0.660824 0.206250 0.021034 0.021034
0 0.838738 0.108125 0.021034 0.021034
0 0.348817 0.705625 0.021034 0.021034
0 0.778265 0.578125 0.021034 0.021034
0 0.179667 0.755625 0.021034 0.021034
0 0.359334 0.325625 0.021034 0.021034
0 0.156880 0.393125 0.021034 0.021034
0 0.401402 0.203750 0.021034 0.021034
0 0.225241 0.587500 0.021034 0.021034
0 0.750219 0.785625 0.021034 0.021034
0 0.241017 0.742500 0.021034 0.021034
0 0.277826 0.724375 0.021034 0.021034
0 0.751096 0.685000 0.021034 0.021034
0 0.113935 0.346875 0.021034 0.021034
0 0.614373 0.816875 0.021034 0.021034
0 0.209465 0.836875 0.021034 0.021034
0 0.115688 0.563750 0.021034 0.021034
0 0.496056 0.366250 0.021034 0.021034
0 0.902717 0.154375 0.021034 0.021034
0 0.849255 0.215625 0.021034 0.021034
0 0.146363 0.766875 0.021034 0.021034
0 0.831727 0.839375 0.021034 0.021034
0 0.352323 0.198125 0.021034 0.021034
0 0.766871 0.798125 0.021034 0.021034
0 0.489921 0.783125 0.021034 0.021034
0 0.129711 0.530000 0.021034 0.021034