0 0.404032 0.326250 0.021034 0.021034
0 0.555653 0.200000 0.021034 0.021034
0 0.789658 0.627500 0.021034 0.021034
0 0.555653 0.699375 0.021034 0.021034
0 0.794040 0.624375 0.021034 0.021034
0 0.203330 0.206875 0.021034 0.021034
0 0.772130 0.831250 0.021034 0.021034
0 0.613497 0.285000 0.021034 0.021034
0 0.194566 0.131250 0.021034 0.021034
0 0.275197 0.118125 0.021034 0.021034
0 0.285714 0.253750 0.021034 0.021034
0 0.234882 0.707500 0.021034 0.021034
0 0.329535 0.361250 0.021034 0.021034
0 0.319018 0.080000 0.021034 0.021034
0 0.372480 0.474375 0.021034 0.021034
0 0.347940 0.678750 0.021034 0.021034
0 0.609115 0.263750 0.021034 0.021034
0 0.611744 0.242500 0.021034 0.021034
0 0.370727 0.766875 0.021034 0.021034
0 0.732691 0.809375 0.021034 0.021034
0 0.767748 0.835625 0.021034 0.021034
0 0.694128 0.610625 0.021034 0.021034
0 0.735320 0.560625 0.021034 0.021034
0 0.570552 0.166250 0.021034 0.021034
0 0.659947 0.853125 0.021034 0.021034
0 0.892200 0.579375 0.021034 0.021034
0 0.765995 0.248125 0.021034 0.021034
0 0.609115 0.115625 0.021034 0.021034
0 0.699387 0.223125 0.021034 0.021034
0 0.321648 0.666875 0.021034 0.021034