0 0.195443 0.874375 0.021034 0.021034
0 0.481157 0.390000 0.021034 0.021034
0 0.802805 0.312500 0.021034 0.021034
0 0.176161 0.071250 0.021034 0.021034
0 0.836109 0.523125 0.021034 0.021034
0 0.841367 0.920000 0.021034 0.021034
0 0.652936 0.886875 0.021034 0.021034
0 0.458370 0.738750 0.021034 0.021034
0 0.800175 0.166875 0.021034 0.021034
0 0.702892 0.159375 0.021034 0.021034
0 0.625767 0.138750 0.021034 0.021034
0 0.549518 0.613750 0.021034 0.021034
0 0.123576 0.075625 0.021034 0.021034
0 0.154251 0.855625 0.021034 0.021034
0 0.431201 0.442500 0.021034 0.021034
0 0.617879 0.482500 0.021034 0.021034
0 0.167397 0.782500 0.021034 0.021034
0 0.319895 0.670000 0.021034 0.021034
0 0.208589 0.135625 0.021034 0.021034
0 0.591586 0.635000 0.021034 0.021034
0 0.144610 0.080625 0.021034 0.021034
0 0.773006 0.490625 0.021034 0.021034
0 0.562664 0.481875 0.021034 0.021034
0 0.659071 0.518750 0.021034 0.021034
0 0.711656 0.229375 0.021034 0.021034
0 0.245399 0.475000 0.021034 0.021034
0 0.804557 0.873125 0.021034 0.021034
0 0.606486 0.714375 0.021034 0.021034
0 0.589833 0.877500 0.021034 0.021034
0 0.174408 0.519375 0.021034 0.021034