0 0.885188 0.273750 0.021034 0.021034
0 0.800175 0.325000 0.021034 0.021034
0 0.170026 0.540000 0.021034 0.021034
0 0.709027 0.748750 0.021034 0.021034
0 0.608238 0.868125 0.021034 0.021034
0 0.331288 0.791250 0.021034 0.021034
0 0.250657 0.118750 0.021034 0.021034
0 0.567046 0.661250 0.021034 0.021034
0 0.588957 0.778750 0.021034 0.021034
0 0.767748 0.664375 0.021034 0.021034
0 0.138475 0.575000 0.021034 0.021034
0 0.747590 0.165000 0.021034 0.021034
0 0.829097 0.438750 0.021034 0.021034
0 0.265557 0.394375 0.021034 0.021034
0 0.411043 0.921250 0.021034 0.021034
0 0.310254 0.161250 0.021034 0.021034
0 0.769500 0.414375 0.021034 0.021034
0 0.515337 0.741250 0.021034 0.021034
0 0.622261 0.554375 0.021034 0.021034
0 0.344435 0.098750 0.021034 0.021034
0 0.468011 0.126875 0.021034 0.021034
0 0.410167 0.455625 0.021034 0.021034
0 0.278703 0.406875 0.021034 0.021034
0 0.510955 0.314375 0.021034 0.021034
0 0.547765 0.418125 0.021034 0.021034
0 0.699387 0.123125 0.021034 0.021034
0 0.598598 0.684375 0.021034 0.021034
0 0.364592 0.418125 0.021034 0.021034
0 0.542507 0.786875 0.021034 0.021034
0 0.239264 0.152500 0.021034 0.021034