0 0.127082 0.331250 0.021034 0.021034
0 0.757230 0.718750 0.021034 0.021034
0 0.715162 0.688750 0.021034 0.021034
0 0.118317 0.176875 0.021034 0.021034
0 0.186678 0.453750 0.021034 0.021034
0 0.160386 0.859375 0.021034 0.021034
0 0.864154 0.166250 0.021034 0.021034
0 0.786152 0.540000 0.021034 0.021034
0 0.225241 0.806875 0.021034 0.021034
0 0.665206 0.120000 0.021034 0.021034
0 0.404032 0.571875 0.021034 0.021034
0 0.695004 0.178125 0.021034 0.021034
0 0.096407 0.067500 0.021034 0.021034
0 0.242770 0.423750 0.021034 0.021034
0 0.799299 0.615625 0.021034 0.021034
0 0.259422 0.390625 0.021034 0.021034
0 0.113935 0.856875 0.021034 0.021034
0 0.101665 0.109375 0.021034 0.021034
0 0.560911 0.920000 0.021034 0.021034
0 0.590710 0.870000 0.021034 0.021034
0 0.778265 0.635625 0.021034 0.021034
0 0.783523 0.262500 0.021034 0.021034
0 0.877301 0.259375 0.021034 0.021034
0 0.882559 0.693750 0.021034 0.021034
0 0.198072 0.063750 0.021034 0.021034
0 0.723050 0.217500 0.021034 0.021034
0 0.805434 0.726250 0.021034 0.021034
0 0.087642 0.722500 0.021034 0.021034
0 0.177038 0.568125 0.021034 0.021034
0 0.911481 0.922500 0.021034 0.021034